calib_time: 17-Aug-2025 00:05:41
corner_dist:  3.933000e-02
S_00 :  1.920000e+03,  1.080000e+03
K_00 :  6.101097e+02,  0.000000e+00,  7.388212e+02,  0.000000e+00,  6.100659e+02,  5.449514e+02,  0.000000e+00,  0.000000e+00,  1.000000e+00
D_00 : -1.949178e-02, -8.042911e-03,  5.873380e-03, -2.090744e-03
R_00 :  1.000000e+00,  0.000000e+00,  0.000000e+00,  0.000000e+00,  1.000000e+00,  0.000000e+00,  0.000000e+00,  0.000000e+00,  1.000000e+00
T_00 :  0.000000e+00,  0.000000e+00,  0.000000e+00
