calib_time: 17-Aug-2025 01:00:41
corner_dist:  3.933000e-02
S_00 :  1.280000e+03,  8.000000e+02
K_00 :  8.051517e+02,  0.000000e+00,  6.261837e+02,  0.000000e+00,  8.051748e+02,  3.971181e+02,  0.000000e+00,  0.000000e+00,  1.000000e+00
D_00 :  1.450028e-01, -6.693373e-01, -5.676869e-04,  1.161921e-03,  7.641058e-01
R_00 :  1.000000e+00,  0.000000e+00,  0.000000e+00,  0.000000e+00,  1.000000e+00,  0.000000e+00,  0.000000e+00,  0.000000e+00,  1.000000e+00
T_00 :  0.000000e+00,  0.000000e+00,  0.000000e+00
S_rect_00 :  1.068000e+03,  6.430000e+02
R_rect_00 :  9.997999e-01,  4.688512e-03, -1.944623e-02, -4.696207e-03,  9.999889e-01, -3.500338e-04,  1.944437e-02,  4.412873e-04,  9.998108e-01
P_rect_00 :  8.044272e+02,  0.000000e+00,  6.552173e+02,  0.000000e+00,  0.000000e+00,  8.044272e+02,  3.979996e+02,  0.000000e+00,  0.000000e+00,  0.000000e+00,  1.000000e+00,  0.000000e+00
S_01 :  1.280000e+03,  8.000000e+02
K_01 :  8.029828e+02,  0.000000e+00,  6.221481e+02,  0.000000e+00,  8.036796e+02,  3.982545e+02,  0.000000e+00,  0.000000e+00,  1.000000e+00
D_01 :  1.873934e-01, -8.903450e-01, -5.592338e-04, -6.772005e-04,  1.162414e+00
R_01 :  9.998836e-01, -4.906835e-03, -1.444858e-02,  4.894220e-03,  9.999876e-01, -9.083341e-04,  1.445285e-02,  8.375138e-04,  9.998952e-01
T_01 : -7.500805e-02, -7.200713e-04,  3.743346e-04
S_rect_01 :  1.068000e+03,  6.430000e+02
R_rect_01 :  9.999415e-01,  9.599359e-03, -4.990301e-03, -9.597384e-03,  9.999539e-01,  4.196338e-04,  4.994099e-03, -3.717154e-04,  9.999875e-01
P_rect_01 :  8.044272e+02,  0.000000e+00,  6.552173e+02, -6.034205e+01,  0.000000e+00,  8.044272e+02,  3.979996e+02,  0.000000e+00,  0.000000e+00,  0.000000e+00,  1.000000e+00,  0.000000e+00
